parentID=11109
contSet
numObjects=204
12682 0.000000
12670 0.000000
7292 0.000000
7294 0.000000
7295 0.000000
12662 0.000000
12663 0.000000
12664 0.000000
12665 0.000000
7476 0.000000
12666 0.000000
7477 0.000000
12667 0.000000
7478 0.000000
12668 0.000000
7479 0.000000
12669 0.000000
11007 0.000000
11008 0.000000
11009 0.000000
11010 0.000000
11011 0.000000
11012 0.000000
11013 0.000000
11014 0.000000
11015 0.000000
11016 0.000000
11017 0.000000
11018 0.000000
11019 0.000000
11020 0.000000
11021 0.000000
11022 0.000000
11023 0.000000
11024 0.000000
11025 0.000000
11026 0.000000
11027 0.000000
11028 0.000000
11029 0.000000
11030 0.000000
11031 0.000000
11032 0.000000
11033 0.000000
11034 0.000000
11035 0.000000
11036 0.000000
11037 0.000000
11038 0.000000
11039 0.000000
11040 0.000000
11041 0.000000
11042 0.000000
11043 0.000000
11044 0.000000
11045 0.000000
11046 0.000000
11047 0.000000
11048 0.000000
11049 0.000000
11050 0.000000
11051 0.000000
11052 0.000000
11053 0.000000
11054 0.000000
11055 0.000000
11056 0.000000
11057 0.000000
11058 0.000000
11059 0.000000
11060 0.000000
11061 0.000000
11062 0.000000
11063 0.000000
11064 0.000000
11065 0.000000
11066 0.000000
11067 0.000000
11068 0.000000
11069 0.000000
11070 0.000000
11071 0.000000
11072 0.000000
11073 0.000000
11074 0.000000
11075 0.000000
11076 0.000000
11077 0.000000
11078 0.000000
11079 0.000000
11080 0.000000
11081 0.000000
11082 0.000000
11083 0.000000
11084 0.000000
11085 0.000000
11086 0.000000
12690 0.000000
7506 0.000000
7507 0.000000
7508 0.000000
7509 0.000000
7510 0.000000
7511 0.000000
7512 0.000000
7513 0.000000
7514 0.000000
7480 0.000000
7515 0.000000
7516 0.000000
7517 0.000000
7519 0.000000
7520 0.000000
7521 0.000000
7522 0.000000
12673 0.000000
7524 0.000000
7525 0.000000
7526 0.000000
7527 0.000000
7528 0.000000
7529 0.000000
7530 0.000000
7531 0.000000
7533 0.000000
7534 0.000000
7535 0.000000
7536 0.000000
7537 0.000000
7538 0.000000
7539 0.000000
7540 0.000000
7541 0.000000
7542 0.000000
7543 0.000000
7544 0.000000
7545 0.000000
7546 0.000000
7547 0.000000
7548 0.000000
7549 0.000000
7550 0.000000
7551 0.000000
7552 0.000000
7553 0.000000
7554 0.000000
7555 0.000000
7556 0.000000
7557 0.000000
7558 0.000000
7559 0.000000
7560 0.000000
12672 0.000000
12676 0.000000
12674 0.000000
12677 0.000000
12679 0.000000
12678 0.000000
7485 0.000000
12684 0.000000
12680 0.000000
12681 0.000000
12685 0.000000
12683 0.000000
12687 0.000000
12686 0.000000
12692 0.000000
12688 0.000000
12675 0.000000
12689 0.000000
12693 0.000000
12691 0.000000
12694 0.000000
12695 0.000000
12696 0.000000
12700 0.000000
12697 0.000000
12698 0.000000
12701 0.000000
12699 0.000000
7486 0.000000
7609 0.000000
7610 0.000000
7611 0.000000
7612 0.000000
7613 0.000000
7614 0.000000
7615 0.000000
7616 0.000000
7487 0.000000
7617 0.000000
7618 0.000000
7619 0.000000
7620 0.000000
7621 0.000000
7622 0.000000
7623 0.000000
7624 0.000000
7481 0.000000
7664 0.000000
7665 0.000000
12671 0.000000
15074 0.000000
15054 0.000000