parentID=11960
contSet
numObjects=146
11980 0.000000
11981 0.000000
11982 0.000000
11983 0.000000
11943 0.000000
11944 0.000000
11945 0.000000
11946 0.000000
11947 0.000000
11948 0.000000
11949 0.000000
11950 0.000000
11951 0.000000
11952 0.000000
11953 0.000000
11954 0.000000
11955 0.000000
11956 0.000000
11957 0.000000
11958 0.000000
11959 0.000000
8869 1.000000
112 1.000000
1885 1.000000
1909 1.000000
1912 1.000000
1915 1.000000
4438 1.000000
6638 1.000000
6654 1.000000
6656 1.000000
6749 1.000000
6751 1.000000
7676 1.000000
7677 1.000000
7678 1.000000
7679 1.000000
7680 1.000000
7681 1.000000
7684 1.000000
7685 1.000000
7686 1.000000
7791 1.000000
7937 1.000000
7941 1.000000
7959 1.000000
7960 1.000000
8328 1.000000
8633 1.000000
8793 1.000000
887 1.000000
896 1.000000
8696 1.000000
8698 1.000000
8697 1.000000
11996 0.000000
11997 0.000000
11998 0.000000
11999 0.000000
12000 0.000000
12001 0.000000
12002 0.000000
12003 0.000000
12004 0.000000
14709 0.000000
16045 1.000000
3268 1.000000
16769 1.000000
16768 1.000000
16909 1.000000
17090 0.000000
17091 0.000000
17092 0.000000
17093 0.000000
17094 0.000000
17095 0.000000
17096 0.000000
17097 0.000000
17098 0.000000
17099 0.000000
17100 0.000000
17101 0.000000
17102 0.000000
17103 0.000000
17104 0.000000
17105 0.000000
17106 0.000000
17107 0.000000
17108 0.000000
17109 0.000000
17110 0.000000
17111 0.000000
17112 0.000000
17113 0.000000
17114 0.000000
17115 0.000000
17116 0.000000
17170 1.000000
17176 0.000000
17177 0.000000
17178 0.000000
17179 0.000000
17180 0.000000
17181 0.000000
17182 0.000000
17183 0.000000
17184 0.000000
17185 0.000000
17119 1.000000
17120 1.000000
17121 1.000000
17122 1.000000
17123 1.000000
17124 1.000000
17125 1.000000
17126 1.000000
17127 1.000000
17128 1.000000
17129 1.000000
17130 1.000000
17131 1.000000
17132 1.000000
17133 1.000000
17134 1.000000
17135 1.000000
17136 1.000000
17137 1.000000
17138 1.000000
17139 1.000000
17140 1.000000
17141 1.000000
17142 1.000000
17143 1.000000
17144 1.000000
17145 1.000000
17146 1.000000
17147 1.000000
17148 1.000000
17149 1.000000
17150 1.000000
17151 1.000000
17152 1.000000
17153 1.000000
17154 1.000000
17155 1.000000
17156 1.000000