parentID=12169
contSet
numObjects=84
12162 1.000000
12161 0.000000
12164 0.000000
12165 0.000000
12167 0.000000
12166 0.000000
12168 0.000000
12170 0.000000
12171 0.000000
12172 0.000000
12173 0.000000
12180 0.000000
12181 0.000000
12182 0.000000
12183 0.000000
12184 0.000000
12185 0.000000
12186 0.000000
12187 0.000000
12188 0.000000
12189 0.000000
12190 0.000000
12191 0.000000
12192 0.000000
12193 0.000000
12194 0.000000
12195 0.000000
12196 0.000000
12197 0.000000
12199 0.000000
12222 0.000000
12224 0.000000
12227 0.000000
12229 0.000000
12231 0.000000
12233 0.000000
12256 0.000000
12258 0.000000
12260 0.000000
12263 0.000000
12265 0.000000
12267 0.000000
12269 0.000000
12358 0.000000
12359 0.000000
12360 0.000000
12361 0.000000
12362 0.000000
12363 0.000000
12364 0.000000
16626 0.000000
16627 0.000000
16628 0.000000
16629 0.000000
16630 0.000000
16631 0.000000
16632 0.000000
16633 0.000000
16634 0.000000
16635 0.000000
16636 0.000000
12907 0.000000
12178 0.000000
16719 0.000000
16721 0.000000
16727 0.000000
16729 0.000000
18091 0.000000
18094 0.000000
17945 0.000000
17946 0.000000
18095 0.000000
18098 0.000000
18099 0.000000
18096 0.000000
18105 0.000000
18106 0.000000
18107 0.000000
18097 0.000000
18108 0.000000
18109 0.000000
18110 0.000000
18280 0.000000
18281 0.000000