parentID=13937
contSet
numObjects=92
13938 1.000000
13936 0.000000
13956 0.000000
5216 0.000000
10576 0.000000
10570 0.000000
10566 0.000000
10575 0.000000
11529 0.000000
11530 0.000000
11531 0.000000
10577 0.000000
11514 0.000000
11508 0.000000
11509 0.000000
11532 0.000000
11513 0.000000
5219 0.000000
11506 0.000000
11516 0.000000
11507 0.000000
11501 0.000000
11502 0.000000
11515 0.000000
10568 0.000000
10578 0.000000
10569 0.000000
10572 0.000000
10571 0.000000
10579 0.000000
13730 1.000000
13699 1.000000
13965 0.000000
13966 0.000000
13967 0.000000
13969 0.000000
13970 0.000000
13973 0.000000
13974 0.000000
13977 0.000000
13978 0.000000
13981 0.000000
13982 0.000000
13985 0.000000
13986 0.000000
13991 0.000000
13992 0.000000
13996 0.000000
13995 0.000000
14001 0.000000
14000 0.000000
14005 0.000000
14004 0.000000
14006 0.000000
14007 0.000000
14008 0.000000
14009 0.000000
14104 0.000000
14110 0.000000
14106 0.000000
14108 0.000000
4841 0.000000
14109 0.000000
14112 0.000000
14113 0.000000
14114 0.000000
14115 0.000000
14116 0.000000
14117 0.000000
14125 0.000000
14127 0.000000
14107 0.000000
14132 0.000000
14133 0.000000
14134 0.000000
14135 0.000000
14136 0.000000
14138 0.000000
14139 0.000000
14141 0.000000
14142 0.000000
14144 0.000000
14145 0.000000
14149 0.000000
14150 0.000000
13387 0.000000
14176 0.000000
14177 0.000000
14178 0.000000
14417 0.000000
14418 0.000000
14419 0.000000