id=14108
type=0,randStartPhase=0
forceZeroStart=0
numSounds=0
numSprites=2
numSlots=0
offset=(0.000000,0.000000)
startPause=0.000000
animParam=0.000000 0.000000 0.000000 0.000000 0.000000 0.000000 (0.000000,0.000000) 0.000000 0.000000 0.000000 0.000000 0.000000 1.000000 0.000000 0.000000 0.000000 0.000000 1.000000 0.000000
offset=(0.000000,0.000000)
startPause=0.000000
animParam=0.750000 0.000000 0.000000 0.562500 0.300000 0.000000 (0.000000,0.000000) 0.000000 0.000000 1.437500 0.004000 0.000000 1.000000 0.000000 0.000000 0.000000 0.000000 1.000000 0.000000