id=16673
type=2,randStartPhase=0
forceZeroStart=0
numSounds=0
numSprites=9
numSlots=0
offset=(0.000000,0.000000)
startPause=0.000000
animParam=1.774000 2.666667 0.000000 0.000000 0.000000 0.000000 (0.000000,0.000000) 0.000000 0.000000 0.000000 0.000000 0.000000 1.000000 0.000000 1.774000 0.000000 0.375000 0.500000 0.583333
offset=(0.000000,0.000000)
startPause=0.000000
animParam=0.000000 0.000000 0.000000 1.773780 2.666667 0.468750 (-4.000000,28.000000) 0.000000 0.000000 1.773780 0.093750 0.468750 1.000000 0.000000 0.000000 0.000000 0.000000 1.000000 0.000000
offset=(0.000000,6.000000)
startPause=0.000000
animParam=0.000000 0.000000 0.000000 1.773780 6.000000 0.594000 (0.000000,0.000000) 0.000000 0.000000 1.773780 0.010000 0.739583 1.000000 0.000000 0.000000 0.000000 0.000000 1.000000 0.000000
offset=(0.000000,0.000000)
startPause=0.000000
animParam=0.000000 4.000000 0.250000 1.773780 2.000000 0.583333 (-5.000000,26.000000) 0.000000 0.000000 1.773780 0.104167 0.645833 1.000000 0.000000 0.000000 0.000000 0.000000 1.000000 0.000000
offset=(0.000000,0.000000)
startPause=0.000000
animParam=1.773780 2.666667 0.395833 1.773780 1.200000 0.833333 (-4.000000,29.000000) 0.000000 0.000000 1.773780 0.114583 0.833333 1.000000 0.000000 0.000000 0.000000 0.000000 1.000000 0.000000
offset=(0.000000,0.000000)
startPause=0.000000
animParam=0.000000 0.000000 0.000000 1.773780 3.000000 0.718750 (0.000000,0.000000) 0.000000 0.000000 1.773780 0.020833 0.291667 1.000000 0.000000 0.000000 0.000000 0.000000 1.000000 0.000000
offset=(0.000000,0.000000)
startPause=0.000000
animParam=0.000000 0.000000 0.000000 0.000000 0.000000 0.000000 (12.000000,28.000000) 0.000000 0.062500 1.773780 0.052083 0.322917 1.000000 0.000000 0.000000 0.000000 0.000000 1.000000 0.000000
offset=(0.000000,0.000000)
startPause=0.000000
animParam=0.000000 4.000000 0.250000 1.773780 2.666667 0.687500 (-2.000000,26.000000) 0.000000 0.000000 1.773780 0.093750 0.687500 1.000000 0.000000 0.000000 0.000000 0.000000 1.000000 0.000000
offset=(0.000000,0.000000)
startPause=0.000000
animParam=0.000000 0.000000 0.000000 0.000000 0.000000 0.000000 (0.000000,0.000000) 0.000000 0.000000 0.000000 0.000000 0.000000 1.000000 0.000000 0.000000 0.000000 0.000000 1.000000 0.000000