id=21830
type=0,randStartPhase=0
forceZeroStart=1
numSounds=1
soundParam=373:0.250000 0.000000 0.000000 -1.000000 -1.000000 0
numSprites=2
numSlots=0
offset=(0.000000,0.000000)
startPause=0.000000
animParam=0.000000 0.000000 0.000000 0.000000 0.000000 0.000000 (0.000000,0.000000) 0.000000 0.000000 0.000000 0.000000 0.000000 0.750000 100.000000 0.750000 0.000000 0.000000 1.000000 0.000000
offset=(0.000000,0.000000)
startPause=0.000000
animParam=0.000000 0.000000 0.000000 0.000000 0.000000 0.000000 (0.000000,0.000000) 0.000000 0.000000 0.000000 0.000000 0.000000 0.740000 100.000000 0.750000 0.041667 0.000000 1.000000 0.000000